766201100003145
766201100003319
766201100003350
766201100003516
766201100003617
766201100003707
766201100003939
766201100004712
766201100004898
766201100004899
766201100005010
766201100005024
766201100005271
766201100005327
766201100005456
766201100005608
766201100005866
766201100006248
766201100006261
766201100006369
766201100006376
766201100006821
766201100006847
766201100006862
766201100007860
766201100008105
766201100008138
766201100008174
766201100008282
766201100008418
766201100008438
766201100008497
766201100008584
766201100008599
766201100009276
766201100009431
766201100009523
766201100009707
766201100010185
766201100010188
766201100010879
766201100011214
766201100011713
766201100011805
766201100011830
766201100011884
766201100011961
766201100012254
766201100012350
766201100012361
766201100012536
766201100012579
766201100012613
766201100012617
766201100012638
766201100012694
766201100012757
766201100013102
766201100013290
766201100013401
766201100013456
766201100013682
766201100013724
766201100013791
766201100013986
766201100014122
766201100014195
766201100014524
766201100014884
766201100015410
766201100015572
766201100015916
766201100015918
766201100016161
766201100016323
766201100016643
766201100016805
766201100016849
766201100016889
766201100017028
766201100017086
766201100017249
766201100017262
766201100017278
766201100017477
766201100017689
766201100017717
766201100017816
766201100017879
766201100017921
766201100018172
766201100018530
766201100018639
766201100018684
766201100018763
766201100019038
766201100019253
766201100019268
766201100019324
766201100019358
766201100019545
766201100019583
766201100019592
766201100019594
766201100019962
766201100020034
766201100020241
766201100020356
766201100020604
766201100020622
766201100020661
766201100020687
766201100020890
766201100020984
766201100021240
766201100021480
766201100021660
766201100021768
766201100021900
766201100022049
766201100022062
766201100022151
766201100022209
766201100022223
766201100022374
766201100022558
766201100022953
766201100023290
766201100023405
766201100023507
766201100023557
766201100023676
766201100023802
766201100023827
766201100023850
766201100023859
766201100023869
766201100024106
766201100024107
766201100024156
766201100024321
766201100024585
766201100025320
766201100025817
766201100026054
766201100026056
766201100026082
766201100026129
766201100026218
766201100026466
766201100026477
766201100026487
766201100026538
766201100026709
766201100026758
766201100026760
766201100026811
766201100026868
766201100027161
766201100027319
766201100027551
766201100027591
766201100027672
766201100027765
766201100028037
766201100028132
766201100028204
766201100028405
766201100028426
766201100028520
766201100028756
766201100028796
766201100028883
766201100028963
766201100028975
766201100029091
766201100029181
766201100029200
766201100029301
766201100029428
766201100029493
766201100029550
766201100029640
766201100029645
766201100029748
766201100029794
766201100029888
766201100029909
766201100030072
766201100030438
766201100030487
766201100030648
766201100030776
766201100030878
766201100030948
766201100031034
766201100031250
766201100031251
766201100035703
766201100035906
766201100035986
766201100036664
766201100036678
766201100036825
766201100036887
766201100037455
766201100037889
766201100038222
766201100038293
766201100038623
766201100038660
766201100038837
766201100039044
766201100039657
766201100040000
766201100040051
766201100041484
766201100041734
766201100041828
766201100041866
766201100042382
766201100042567
766201100045107
766201100045675
766201100045863
766201100045930
766201100046105
766201100046139
766201100047477
766201100047595
766201100048505
766201100048811
766201100049032
766201100049456
766201100049509
766201100050597
766201100051045
766201100051266
766201100051536
766201100051705
766201100051951
766201100052359
766201100052374
766201100052439
766201100053297
766201100053821
766201100054669
766201100054714
766201100060001
766201100061800
766205400002972
766205400003003
766205400003007
766205400003018
766205400003034
766205400003072
766205400003086
766205400003087
766205400003103
766205400003105
766205400003106
766205400003130
766205400003133
766205400003137
766205400003165
766205400003172
766205400003184
766205400003186
766205400003197
766205400003198
766205400003202
766205400003226
766205400003234
766205400003243
766205400003262
766205400003283
766205400003314
766205400003323
766205400003332
766205400003349
766205400003365
766205400003371
766205400003374
766205400003380
766205400003388
766205400003406
766205400003408
766205400003410
766205400003417
766205400003419
766205400003446
766205400003451
766205400003466
766205400003473
766205400003490
766205400003515
766205400003542
766205400003547
766205400003552
766205400003562
766205400003574
766205400003581
766205400003583
766205400003594
766205400003603
766205400003659
766205400003672
766205400003691
766205400003695
766205400003697
766205400003711
766205400003717
766205400003731
766205400003737
766205400003754
766205400003755
766205400003764
766205400003781
766205400003787
766205400003790
766205400003803
766205400003808
766205400003813
766205400003816
766205400003826
766205400003834
766205400003837
766205400003843
766205400003848
766205400003878
766205400003921
766205400003925
766205400003926
766205400003929
766205400003950
766205400003955
766205400003956
766205400003970
766205400004071
766205400004076
766205400004080
766205400004085
766205400004091
766205400004111
766205400004120
766205400004137
766205400004171
766205400004219
766205400004252
766205400004255
766205400004278
766205400004298
766205400004326
766205400004335
766205400004336
766205400004345
766205400004352
766205400004361
766205400004399
766205400004414
766205400004415
766205400004419
766205400004424
766205400004426
766205400004430
766205400004432
766205400004435
766205400004456
766205400004464
766205400004479
766205400004517
766205400004533
766205400004540
766205400004544
766205400004552
766205400004557
766205400004562
766205400004593
766205400004604
766205400004625
766205400004676
766205400004678
766205400004682
766205400004712
766205400004717
766205400004718
766205400004767
766205400004817
766205400004821
766205400004833
766205400004851
766205400004857
766205400004862
766205400004873
766205400004877
766205400004878
766205400004922
766205400004945
766205400004963
766205400004965
766205400004966
766205400004975
766205400004980
766205400004989
766205400004991
766205400005002
766205400005004
766205400005011
766205400005023
766205400005069
766205400005074
766205400005080
766205400005081
766205400005101
766205400005119
766205400005127
766205400005133
766205400005141
766205400005153
766205400005164
766205400005181
766205400005202
766205400005208
766205400005209
766205400005227
766205400005229
766205400005240
766205400005260
766205400005273
766205400005289
766205400005310
766205400005312
766205400005320
766205400005323
766205400005340
766205400005364
766205400005367
766205400005386
766205400005438
766205400005450
766205400005456
766205400005458
766205400005465
766205400005490
766205400005491
766205400005496
766205400005524
766205400005541
766205400005544
766205400005562
766205400005576
766205400005590
766205400005595
766205400005596
766205400005603
766205400005605
766205400005622
766205400005625
766205400005631
766205400005645
766205400005648
766205400005655
766205400005667
766205400005672
766205400005712
766205400005729
766205400005730
766205400005734
766205400005754
766205400005760
766205400005774
766205400005775
766205400005795
766205400005807
766205400005817
766205400005827
766205400005837
766205400005851
766205400005854
766205400005882
766205400005883
766205400005892
766205400005910
766205400005931
766205400005938
766205400005941
766205400005947
766205400005963
766205400005980
766205400005988
766205400006015
766205400006050
766205400006058
766205400006060
766205400006094
766205400006099
766205400006117
766205400006126
766205400006132
766205400006141
766205400006165
766205400006169
766205400006194
766205400006206
766205400006249
766205400006257
766205400006263
766205400006308
766205400006312
766205400006343
766205400006370
766205400006376
766205400006378
766205400006379
766205400006393
766205400006394
766205400006395
766205400006408
766205400006449
766205400006455
766205400006462
766205400006478
766205400006491
766205400006526
766205400006546
766205400006556
766205400006563
766205400006614
766205400006632
766205400006651
766205400006665
766205400006666
766205400006685
766205400006692
766205400006693
766205400006703
766205400006731
766205400006740
766205400006745
766205400006747
766205400006768
766205400006796
766205400006802
766205400006804
766205400006817
766205400006819
766205400006820
766205400006835
766205400006850
766205400006853
766205400006861
766205400006867
766205400006889
766205400006926
766205400006934
766205400006935
766205400006960
766205400007010
766205400007015
766205400007017
766205400007019
766205400007038
766205400007042
766205400007080
766205400007098
766205400007119
766205400007147
766205400007164
766205400007196
766205400007203
766205400007257
766205400007266
766205400007272
766205400007273
766205400007289
766205400007297
766205400007299
766205400007302
766205400007304
766205400007312
766205400007323
766205400007324
766205400007352
766205400007401
766205400007445
766205400007470
766205400007473
766205400007530
766205400007558
766205400007578
766205400007615
766205400007627
766205400007628
766205400007633
766205400007641
766205400007646
766205400007697
766205400007707
766205400007712
766205400007714
766205400007733
766205400007746
766205400007748
766205400007758
766205400007768
766205400007782
766205400007810
766205400007811
766205400007822
766205400007828
766205400007838
766205400007842
766205400007843
766205400007863
766205400007887
766205400007899
766205400007920
766205400007933
766205400007948
766205400007950
766205400007961
766205400007981
766205400008017
766205400008019
766205400008023
766205400008041
766205400008045
766205400008086
766205400008107
766205400008124
766205400008126
766205400008157
766205400008158
766205400008165
766205400008194
766205400008198
766205400008210
766205400008218
766205400008227
766205400008245
766205400008281
766205400008283
766205400008311
766205400008333
766205400008397
766205400008423
766205400008427
766205400008454
766205400008455
766205400008466
766205400008471
766205400008475
766205400008513
766205400008531
766205400008541
766205400008550
766205400008560
766205400008568
766205400008573
766205400008580
766205400008586
766205400008603
766205400008636
766205400008639
766205400008640
766205400008666
766205400008681
766205400008684
766205400008687
766205400008710
766205400008714
766205400008726
766205400008756
766205400008764
766205400008771
766205400008780
766205400008800
766205400008806
766205400008829
766205400008835
766205400008848
766205400008859
766205400008868
766205400008892
766205400008908
766205400008990
766205400008997
766205400009000
766205400009014
766205400009026
766205400009028
766205400009032
766205400009087
766205400009089
766205400009110
766205400009127
766205400009143
766205400009144
766205400009155
766205400009185
766205400009198
766205400009209
766205400009223
766205400009225
766205400009230
766205400009232
766205400009240
766205400009246
766205400009268
766205400009281
766205400009301
766205400009302
766205400009311
766205400009316
766205400009371
766205400009377
766205400009392
766205400009430
766205400009441
766205400009448
766205400009478
766205400009483
766205400009489
766205400009498
766205400009539
766205400009545
766205400009548
766205400009558
766205400009561
766205400009569
766205400009582
766205400009587
766205400009590
766205400009598
766205400009606
766205400009615
766205400009662
766205400009665
766205400009682
766205400009697
766205400009715
766205400009723
766205400009747
766205400009759
766205400009766
766205400009801
766205400009807
766205400009817
766205400009825
766205400009833
766205400009843
766205400009845
766205400009870
766205400009895
766205400009897
766205400009906
766205400009917
766205400009928
766205400009996
766205400010010
766205400010011
766205400010021
766205400010029
766205400010050
766205400010053
766205400010073
766205400010083
766205400010091
766205400010120
766205400010131
766205400010142
766205400010145
766205400010185
766205400010210
766205400010236
766205400010251
766205400010254
766205400010275
766205400010290
766205400010304
766205400010310
766205400010317
766205400010319
766205400010335
766205400010370
766205400010372
766205400010373
766205400010390
766205400010392
766205400010394
766205400010407
766205400010447
766205400010458
766205400010478
766205400010490
766205400010507
766205400010524
766205400010561
766205400010564
766205400010570
766205400010601
766205400010612
766205400010619
766205400010620
766205400010622
766205400010628
766205400010642
766205400010646
766205400010656
766205400010667
766205400010673
766205400010718
766205400010722
766205400010728
766205400010762
766205400010767
766205400010785
766205400010808
766205400010837
766205400010859
766205400010900
766205400010901
766205400010905
766205400010921
766205400010924
766205400010947
766205400010948
766205400010954
766205400010972
766205400010980
766205400011021
766205400011031
766205400011039
766205400011040
766205400011043
766205400011046
766205400011051
766205400011054
766205400011074
766205400011084
766205400011092
766205400011101
766205400011131
766205400011139
766205400011143
766205400011154
766205400011178
766205400011183
766205400011184
766205400011209
766205400011216
766205400011218
766205400011219
766205400011223
766205400011230
766205400011245
766205400011257
766205400011263
766205400011306
766205400011319
766205400011322
766205400011324
766205400011335
766205400011377
766205400011379
766205400011421
766205400011424
766205400011429
766205400011463
766205400011467
766205400011488
766205400011492
766205400011503
766205400011509
766205400011515
766205400011551
766205400011573
766205400011634
766205400011664
766205400011675
766205400011695
766205400011698
766205400011703
766205400011712
766205400011717
766205400011720
766205400011746
766205400011755
766205400011798
766205400011799
766205400011806
766205400011807
766205400011818
766205400011821
766205400011837
766205400011848
766205400011873
766205400011881
766205400011910
766205400011938
766205400011950
766205400011965
766205400011995
766205400012002
766205400012044
766205400012053
766205400012056
766205400012066
766205400012089
766205400012094
766205400012112
766205400012140
766205400012143
766205400012152
766205400012193
766205400012195
766205400012219
766205400012220
766205400012282
766205400012300
766205400012309
766205400012333
766205400012338
766205400012346
766205400012361
766205400012365
766205400012376
766205400012392
766205400012412
766205400012422
766205400012442
766205400012447
766205400012463
766205400012500
766205400012511
766205400012601
766205400012635
766205400012654
766205400012669
766205400012692
766205400012702
766205400012708
766205400012721
766205400012738
766205400012741
766205400012760
766205400012761
766205400012769
766205400012817
766205400012825
766205400012830
766205400012833
766205400012841
766205400012891
766205400012898
766205400012905
766205400012913
766205400012919
766205400012923
766205400012931
766205400012936
766205400012941
766205400012951
766205400012964
766205400012971
766205400012978
766205400012996
766205400013009
766205400013039
766205400013044
766205400013050
766205400013061
766205400013062
766205400013071
766205400013077
766205400013099
766205400013110
766205400013118
766205400013121
766205400013124
766205400013141
766205400013146
766205400013153
766205400013179
766205400013187
766205400013188
766205400013209
766205400013210
766205400013218
766205400013251
766205400013258
766205400013303
766205400013309
766205400013330
766205400013341
766205400013347
766205400013352
766205400013356
766205400013363
766205400013380
